n = 4939106866673061146607659581677763779557995702228046399536907317599914167678280999398118405295866066976864379046659073474034700464425826026278536396417961
e = 65537
c = [4408239994763994253789926563925000619072224847133530307787925055089204713942760506012806333896983729979561447199961247894598794324251242945765863290142131,
 2402639126025397632142266687141012253919989293919373926316048249460873238415248334101455698906746903047560503248201697278482286015888281451645972710796248,
  2495717750989492731859284882086060428928022224007881669308105099813177099161763939284113107839737049492773265798496279143255277006513755896521586915450137,
   3667520314555694035028105653441136560160639272531999529251952031512165481203148530487457731483149784310449384976566871579210445635520040395606108970632969,
    3284225707119703292617366323238925276697194731871371524896106864789643664749111688953252625947307463266603731749571508608766173444913182826462703991106286,
     2718104830841511519121271308376532767584345567388498270460831628716600012742356528683113670292887020848143113809876225731120728920700191118571477959250662,
      1779053457392314426166139614307276856346563786308350111167443523359943899328964721156941209202201245936766542832572481727185936416858694430150766770462859,
       2495717750989492731859284882086060428928022224007881669308105099813177099161763939284113107839737049492773265798496279143255277006513755896521586915450137,
        33580260713161634436124182852426055184512674763478454969096732010249293240319747754468350211627393720044207249444709418106067805600877686677453109788528,
         4071516111748973020944301587588270567505417961443463975990982045061826927549082485489118580820371811363437649401383441010723520364416803269470529812613587,
          3284225707119703292617366323238925276697194731871371524896106864789643664749111688953252625947307463266603731749571508608766173444913182826462703991106286,
           1918166746614433810797232491464879643096915754770217383709968302044056434580621063873499616465147377454182668538647804428202629877702647258984999721091377,
            2718104830841511519121271308376532767584345567388498270460831628716600012742356528683113670292887020848143113809876225731120728920700191118571477959250662,
             2334202774809239516032393555877133400036556015080409652379142241312727314423047446741087230244460153860328647602031087533702874566114028962511362364022980,
              33580260713161634436124182852426055184512674763478454969096732010249293240319747754468350211627393720044207249444709418106067805600877686677453109788528,
               3667520314555694035028105653441136560160639272531999529251952031512165481203148530487457731483149784310449384976566871579210445635520040395606108970632969,
                2170107895325529583100238215943437940248861427198352764598462023676903881285819069519765416329248319989526293959732565778032507155153767361035715248616670,
                 4311849825417188989302508754370585366558829056471659424018591915415013790086256570087121688971892151372002955996556897844362202352749688634311283053610109,
                  285729677135977182051054538543162615333833274151860683099461177948621358341144872267491491471373458453042043551978648835071976018426265516832774249924241,
                   33580260713161634436124182852426055184512674763478454969096732010249293240319747754468350211627393720044207249444709418106067805600877686677453109788528,
                    4408239994763994253789926563925000619072224847133530307787925055089204713942760506012806333896983729979561447199961247894598794324251242945765863290142131,
                     3252616128228029223900999273574775399746912280007527037362856538450466727672798456759017580020071884638006525098498213811938063258757977796092007618814919,
                      3357552840990014583066726686754039655123492577815788294437265262825719514452994076025469904284715948366735634153892289734391897268128517997260005861379308,
                       2334202774809239516032393555877133400036556015080409652379142241312727314423047446741087230244460153860328647602031087533702874566114028962511362364022980,
                        33580260713161634436124182852426055184512674763478454969096732010249293240319747754468350211627393720044207249444709418106067805600877686677453109788528,
                         2634658460360745159404744587106758360535985360370300900467732770608452673033584843203910963414072808851486427567100857598212189418435626819406551686997241,
                          4408239994763994253789926563925000619072224847133530307787925055089204713942760506012806333896983729979561447199961247894598794324251242945765863290142131,
                           28551051116120701553324144567612406458565113530002064507976476963387721403205027998911424798954119665985146160398834637050241376088690418427608280568463802879535415829303175857394019505235200996639340490433952048424898271892857740784615325208158827493338175286116424407765205492277012106705231540933082304695
                           ]

